Vehicle Growth Analysis
=======================
Number of frames: 980
Vehicle counts per frame: [12, 12, 12, 12, 12, 24, 24, 24, 24, 24, 36, 36, 36, 36, 36, 48, 48, 48, 48, 48, 60, 60, 60, 60, 60, 72, 72, 72, 72, 72, 84, 84, 84, 84, 84, 96, 96, 96, 96, 96, 106, 103, 102, 102, 102, 112, 109, 108, 108, 108, 118, 114, 114, 114, 114, 124, 121, 120, 120, 118, 130, 124, 124, 122, 122, 132, 126, 126, 124, 124, 134, 130, 130, 130, 130, 140, 136, 136, 136, 136, 146, 142, 142, 142, 142, 152, 148, 148, 146, 144, 156, 152, 150, 150, 148, 160, 154, 154, 152, 152, 164, 158, 158, 156, 156, 168, 162, 162, 160, 160, 172, 166, 166, 164, 164, 176, 170, 170, 170, 170, 182, 178, 176, 176, 174, 186, 180, 180, 178, 178, 188, 184, 183, 182, 182, 192, 188, 186, 186, 186, 196, 192, 190, 190, 190, 200, 196, 196, 196, 196, 207, 201, 201, 199, 199, 209, 206, 203, 203, 202, 213, 208, 206, 206, 204, 216, 211, 209, 209, 207, 219, 215, 214, 213, 212, 223, 220, 218, 217, 217, 227, 223, 221, 221, 219, 230, 225, 224, 223, 222, 233, 227, 227, 227, 225, 235, 231, 230, 229, 228, 239, 235, 234, 233, 233, 243, 240, 239, 238, 238, 248, 242, 242, 241, 241, 250, 248, 245, 244, 244, 254, 250, 248, 248, 246, 257, 253, 251, 251, 249, 261, 257, 256, 256, 254, 266, 261, 260, 259, 259, 267, 263, 261, 262, 260, 267, 264, 263, 262, 261, 270, 264, 264, 263, 262, 271, 266, 265, 264, 263, 272, 268, 267, 267, 265, 275, 270, 269, 269, 269, 279, 275, 276, 275, 275, 284, 283, 279, 280, 279, 289, 284, 283, 283, 284, 291, 285, 286, 285, 285, 292, 291, 291, 290, 291, 297, 296, 294, 292, 291, 299, 294, 295, 292, 292, 300, 297, 299, 298, 297, 305, 299, 300, 300, 300, 304, 300, 300, 298, 300, 302, 298, 298, 296, 296, 300, 296, 294, 296, 294, 296, 296, 296, 294, 294, 296, 294, 294, 294, 292, 300, 296, 294, 294, 294, 298, 296, 296, 294, 296, 300, 296, 298, 296, 296, 302, 298, 296, 298, 298, 300, 298, 298, 298, 300, 304, 298, 302, 300, 300, 306, 302, 300, 302, 302, 306, 304, 302, 302, 302, 308, 304, 304, 304, 302, 310, 306, 304, 306, 304, 308, 306, 306, 305, 307, 309, 305, 305, 305, 303, 309, 305, 305, 305, 307, 310, 304, 306, 305, 304, 308, 305, 303, 304, 304, 306, 304, 302, 301, 302, 305, 302, 304, 302, 302, 306, 302, 300, 303, 302, 305, 302, 303, 302, 303, 306, 301, 301, 302, 300, 304, 301, 300, 299, 300, 302, 299, 298, 297, 298, 301, 298, 299, 299, 299, 303, 298, 300, 299, 300, 304, 300, 300, 301, 302, 304, 302, 301, 301, 301, 305, 302, 302, 301, 299, 305, 300, 299, 300, 299, 302, 300, 300, 299, 301, 303, 299, 300, 300, 298, 304, 300, 298, 301, 301, 304, 300, 301, 299, 301, 304, 301, 301, 301, 301, 304, 302, 299, 299, 298, 302, 298, 299, 299, 300, 305, 302, 304, 303, 304, 308, 307, 304, 306, 304, 309, 305, 303, 304, 306, 308, 303, 304, 302, 303, 306, 304, 305, 304, 304, 307, 306, 302, 303, 302, 306, 301, 302, 298, 299, 304, 300, 302, 302, 300, 305, 301, 301, 300, 302, 304, 299, 300, 298, 299, 302, 300, 297, 298, 296, 301, 296, 294, 295, 294, 298, 293, 294, 294, 293, 296, 292, 291, 294, 292, 297, 294, 294, 293, 296, 298, 295, 298, 296, 297, 302, 298, 298, 298, 298, 300, 298, 296, 296, 297, 300, 296, 298, 298, 298, 303, 298, 299, 300, 299, 304, 301, 300, 301, 303, 305, 303, 303, 303, 304, 309, 305, 305, 305, 304, 309, 305, 303, 305, 303, 307, 305, 305, 305, 307, 309, 304, 305, 304, 303, 309, 306, 304, 306, 306, 309, 305, 305, 304, 304, 308, 303, 303, 303, 302, 307, 303, 303, 303, 303, 306, 302, 302, 301, 302, 305, 301, 300, 302, 300, 305, 301, 301, 302, 302, 305, 300, 301, 300, 300, 303, 299, 299, 299, 298, 302, 299, 298, 298, 298, 301, 299, 299, 298, 299, 302, 297, 298, 299, 298, 303, 301, 299, 301, 301, 304, 300, 301, 300, 300, 306, 300, 300, 300, 299, 304, 300, 300, 299, 300, 303, 301, 301, 299, 300, 303, 299, 298, 300, 298, 303, 300, 299, 300, 301, 304, 299, 301, 301, 300, 305, 301, 301, 300, 300, 303, 300, 298, 298, 298, 301, 299, 300, 299, 300, 305, 301, 303, 303, 303, 307, 307, 303, 302, 304, 306, 303, 303, 303, 302, 308, 302, 303, 302, 302, 305, 302, 300, 301, 300, 304, 299, 300, 298, 299, 302, 298, 299, 300, 300, 303, 298, 300, 299, 300, 304, 300, 299, 299, 299, 302, 301, 298, 298, 298, 300, 297, 297, 296, 294, 300, 294, 294, 294, 294, 296, 294, 292, 292, 292, 296, 290, 293, 292, 292, 299, 294, 294, 295, 296, 298, 297, 298, 296, 299, 302, 298, 299, 298, 298, 301, 298, 296, 297, 297, 300, 297, 298, 298, 299, 303, 298, 300, 300, 299, 305, 301, 301, 303, 303, 306, 304, 304, 303, 306, 310, 305, 306, 305, 305, 310, 305, 304, 305, 305, 308, 306, 306, 306, 308, 311, 305, 307, 306, 305, 310, 306, 305, 306, 307, 310, 308, 306, 306, 305, 308, 305, 304, 304, 303, 308, 303, 303, 303, 302, 306, 303, 303, 303, 303, 305, 301, 302, 301, 301, 306, 302, 302, 302, 302, 305, 301, 302, 300, 301, 304, 300, 300, 300, 299, 303, 299, 298, 298, 299, 301, 298, 299, 299, 300, 304, 298, 300, 300, 300, 304, 300, 300, 301, 302, 304, 302, 301, 301, 300, 305, 302, 301, 301, 299, 304, 300, 299, 299, 299, 302, 299, 300, 299, 299, 302, 297, 298, 298, 297]
Average vehicles per frame: 266.12
Maximum vehicles: 311 at frame 885
Minimum vehicles: 12 at frame 0
Growth rates between frames: [0, 0, 0, 0, 12, 0, 0, 0, 0, 12, 0, 0, 0, 0, 12, 0, 0, 0, 0, 12, 0, 0, 0, 0, 12, 0, 0, 0, 0, 12, 0, 0, 0, 0, 12, 0, 0, 0, 0, 10, -3, -1, 0, 0, 10, -3, -1, 0, 0, 10, -4, 0, 0, 0, 10, -3, -1, 0, -2, 12, -6, 0, -2, 0, 10, -6, 0, -2, 0, 10, -4, 0, 0, 0, 10, -4, 0, 0, 0, 10, -4, 0, 0, 0, 10, -4, 0, -2, -2, 12, -4, -2, 0, -2, 12, -6, 0, -2, 0, 12, -6, 0, -2, 0, 12, -6, 0, -2, 0, 12, -6, 0, -2, 0, 12, -6, 0, 0, 0, 12, -4, -2, 0, -2, 12, -6, 0, -2, 0, 10, -4, -1, -1, 0, 10, -4, -2, 0, 0, 10, -4, -2, 0, 0, 10, -4, 0, 0, 0, 11, -6, 0, -2, 0, 10, -3, -3, 0, -1, 11, -5, -2, 0, -2, 12, -5, -2, 0, -2, 12, -4, -1, -1, -1, 11, -3, -2, -1, 0, 10, -4, -2, 0, -2, 11, -5, -1, -1, -1, 11, -6, 0, 0, -2, 10, -4, -1, -1, -1, 11, -4, -1, -1, 0, 10, -3, -1, -1, 0, 10, -6, 0, -1, 0, 9, -2, -3, -1, 0, 10, -4, -2, 0, -2, 11, -4, -2, 0, -2, 12, -4, -1, 0, -2, 12, -5, -1, -1, 0, 8, -4, -2, 1, -2, 7, -3, -1, -1, -1, 9, -6, 0, -1, -1, 9, -5, -1, -1, -1, 9, -4, -1, 0, -2, 10, -5, -1, 0, 0, 10, -4, 1, -1, 0, 9, -1, -4, 1, -1, 10, -5, -1, 0, 1, 7, -6, 1, -1, 0, 7, -1, 0, -1, 1, 6, -1, -2, -2, -1, 8, -5, 1, -3, 0, 8, -3, 2, -1, -1, 8, -6, 1, 0, 0, 4, -4, 0, -2, 2, 2, -4, 0, -2, 0, 4, -4, -2, 2, -2, 2, 0, 0, -2, 0, 2, -2, 0, 0, -2, 8, -4, -2, 0, 0, 4, -2, 0, -2, 2, 4, -4, 2, -2, 0, 6, -4, -2, 2, 0, 2, -2, 0, 0, 2, 4, -6, 4, -2, 0, 6, -4, -2, 2, 0, 4, -2, -2, 0, 0, 6, -4, 0, 0, -2, 8, -4, -2, 2, -2, 4, -2, 0, -1, 2, 2, -4, 0, 0, -2, 6, -4, 0, 0, 2, 3, -6, 2, -1, -1, 4, -3, -2, 1, 0, 2, -2, -2, -1, 1, 3, -3, 2, -2, 0, 4, -4, -2, 3, -1, 3, -3, 1, -1, 1, 3, -5, 0, 1, -2, 4, -3, -1, -1, 1, 2, -3, -1, -1, 1, 3, -3, 1, 0, 0, 4, -5, 2, -1, 1, 4, -4, 0, 1, 1, 2, -2, -1, 0, 0, 4, -3, 0, -1, -2, 6, -5, -1, 1, -1, 3, -2, 0, -1, 2, 2, -4, 1, 0, -2, 6, -4, -2, 3, 0, 3, -4, 1, -2, 2, 3, -3, 0, 0, 0, 3, -2, -3, 0, -1, 4, -4, 1, 0, 1, 5, -3, 2, -1, 1, 4, -1, -3, 2, -2, 5, -4, -2, 1, 2, 2, -5, 1, -2, 1, 3, -2, 1, -1, 0, 3, -1, -4, 1, -1, 4, -5, 1, -4, 1, 5, -4, 2, 0, -2, 5, -4, 0, -1, 2, 2, -5, 1, -2, 1, 3, -2, -3, 1, -2, 5, -5, -2, 1, -1, 4, -5, 1, 0, -1, 3, -4, -1, 3, -2, 5, -3, 0, -1, 3, 2, -3, 3, -2, 1, 5, -4, 0, 0, 0, 2, -2, -2, 0, 1, 3, -4, 2, 0, 0, 5, -5, 1, 1, -1, 5, -3, -1, 1, 2, 2, -2, 0, 0, 1, 5, -4, 0, 0, -1, 5, -4, -2, 2, -2, 4, -2, 0, 0, 2, 2, -5, 1, -1, -1, 6, -3, -2, 2, 0, 3, -4, 0, -1, 0, 4, -5, 0, 0, -1, 5, -4, 0, 0, 0, 3, -4, 0, -1, 1, 3, -4, -1, 2, -2, 5, -4, 0, 1, 0, 3, -5, 1, -1, 0, 3, -4, 0, 0, -1, 4, -3, -1, 0, 0, 3, -2, 0, -1, 1, 3, -5, 1, 1, -1, 5, -2, -2, 2, 0, 3, -4, 1, -1, 0, 6, -6, 0, 0, -1, 5, -4, 0, -1, 1, 3, -2, 0, -2, 1, 3, -4, -1, 2, -2, 5, -3, -1, 1, 1, 3, -5, 2, 0, -1, 5, -4, 0, -1, 0, 3, -3, -2, 0, 0, 3, -2, 1, -1, 1, 5, -4, 2, 0, 0, 4, 0, -4, -1, 2, 2, -3, 0, 0, -1, 6, -6, 1, -1, 0, 3, -3, -2, 1, -1, 4, -5, 1, -2, 1, 3, -4, 1, 1, 0, 3, -5, 2, -1, 1, 4, -4, -1, 0, 0, 3, -1, -3, 0, 0, 2, -3, 0, -1, -2, 6, -6, 0, 0, 0, 2, -2, -2, 0, 0, 4, -6, 3, -1, 0, 7, -5, 0, 1, 1, 2, -1, 1, -2, 3, 3, -4, 1, -1, 0, 3, -3, -2, 1, 0, 3, -3, 1, 0, 1, 4, -5, 2, 0, -1, 6, -4, 0, 2, 0, 3, -2, 0, -1, 3, 4, -5, 1, -1, 0, 5, -5, -1, 1, 0, 3, -2, 0, 0, 2, 3, -6, 2, -1, -1, 5, -4, -1, 1, 1, 3, -2, -2, 0, -1, 3, -3, -1, 0, -1, 5, -5, 0, 0, -1, 4, -3, 0, 0, 0, 2, -4, 1, -1, 0, 5, -4, 0, 0, 0, 3, -4, 1, -2, 1, 3, -4, 0, 0, -1, 4, -4, -1, 0, 1, 2, -3, 1, 0, 1, 4, -6, 2, 0, 0, 4, -4, 0, 1, 1, 2, -2, -1, 0, -1, 5, -3, -1, 0, -2, 5, -4, -1, 0, 0, 3, -3, 1, -1, 0, 3, -5, 1, 0, -1]
Total growth (last - first): 285


----------------------------------------

Vehicle Growth Statistics
=========================
Total Frames: 980
Average Vehicles: 266.12
Min Vehicles: 12
Max Vehicles: 311
